<?xml version="1.0" encoding="utf-8" standalone="no"?>
<!DOCTYPE svg PUBLIC "-//W3C//DTD SVG 1.1//EN"
  "http://www.w3.org/Graphics/SVG/1.1/DTD/svg11.dtd">
<svg xmlns:xlink="http://www.w3.org/1999/xlink" width="532.240373pt" height="429.821396pt" viewBox="0 0 532.240373 429.821396" xmlns="http://www.w3.org/2000/svg" version="1.1">
 <metadata>
  <rdf:RDF xmlns:dc="http://purl.org/dc/elements/1.1/" xmlns:cc="http://creativecommons.org/ns#" xmlns:rdf="http://www.w3.org/1999/02/22-rdf-syntax-ns#">
   <cc:Work>
    <dc:type rdf:resource="http://purl.org/dc/dcmitype/StillImage"/>
    <dc:date>2025-12-25T21:06:28.733175</dc:date>
    <dc:format>image/svg+xml</dc:format>
    <dc:creator>
     <cc:Agent>
      <dc:title>Matplotlib v3.10.0, https://matplotlib.org/</dc:title>
     </cc:Agent>
    </dc:creator>
   </cc:Work>
  </rdf:RDF>
 </metadata>
 <defs>
  <style type="text/css">*{stroke-linejoin: round; stroke-linecap: butt}</style>
 </defs>
 <g id="figure_1">
  <g id="patch_1">
   <path d="M 0 429.821396 
L 532.240373 429.821396 
L 532.240373 0 
L 0 0 
z
" style="fill: #ffffff"/>
  </g>
  <g id="axes_1">
   <g id="patch_2">
    <path d="M 421.302351 234.698865 
C 421.302351 213.549405 417.136368 192.605598 409.042821 173.066045 
C 400.949273 153.526493 389.085559 135.77119 374.130633 120.816264 
C 359.175707 105.861338 341.420405 93.997624 321.880852 85.904077 
C 302.3413 77.810529 281.397492 73.644547 260.248033 73.644547 
C 239.098574 73.644547 218.154766 77.810529 198.615214 85.904077 
C 179.075661 93.997624 161.320359 105.861338 146.365433 120.816264 
C 131.410507 135.77119 119.546793 153.526493 111.453245 173.066045 
C 103.359698 192.605598 99.193715 213.549405 99.193715 234.698865 
C 99.193715 255.848324 103.359698 276.792131 111.453245 296.331684 
C 119.546793 315.871236 131.410507 333.626539 146.365433 348.581465 
C 161.320359 363.536391 179.075661 375.400105 198.615214 383.493652 
C 218.154766 391.5872 239.098574 395.753182 260.248033 395.753182 
C 281.397492 395.753182 302.3413 391.5872 321.880852 383.493652 
C 341.420405 375.400105 359.175707 363.536391 374.130633 348.581465 
C 389.085559 333.626539 400.949273 315.871236 409.042821 296.331684 
C 417.136368 276.792131 421.302351 255.848324 421.302351 234.698865 
M 260.248033 234.698865 
C 260.248033 234.698865 260.248033 234.698865 260.248033 234.698865 
C 260.248033 234.698865 260.248033 234.698865 260.248033 234.698865 
C 260.248033 234.698865 260.248033 234.698865 260.248033 234.698865 
C 260.248033 234.698865 260.248033 234.698865 260.248033 234.698865 
C 260.248033 234.698865 260.248033 234.698865 260.248033 234.698865 
C 260.248033 234.698865 260.248033 234.698865 260.248033 234.698865 
C 260.248033 234.698865 260.248033 234.698865 260.248033 234.698865 
C 260.248033 234.698865 260.248033 234.698865 260.248033 234.698865 
C 260.248033 234.698865 260.248033 234.698865 260.248033 234.698865 
C 260.248033 234.698865 260.248033 234.698865 260.248033 234.698865 
C 260.248033 234.698865 260.248033 234.698865 260.248033 234.698865 
C 260.248033 234.698865 260.248033 234.698865 260.248033 234.698865 
C 260.248033 234.698865 260.248033 234.698865 260.248033 234.698865 
C 260.248033 234.698865 260.248033 234.698865 260.248033 234.698865 
C 260.248033 234.698865 260.248033 234.698865 260.248033 234.698865 
C 260.248033 234.698865 260.248033 234.698865 260.248033 234.698865 
z
" style="fill: #ffffff"/>
   </g>
   <g id="patch_3">
    <path d="M 260.248033 197.33366 
L 294.543767 223.555505 
L 305.992251 297.660379 
L 224.648719 283.697117 
L 192.236835 212.600687 
z
" clip-path="url(#p812657c605)" style="fill: #1f77b4; opacity: 0.15; stroke: #1f77b4; stroke-linejoin: miter"/>
   </g>
   <g id="patch_4">
    <path d="M 260.248033 140.043397 
L 332.494297 211.22463 
L 329.108562 329.477252 
L 199.829103 317.858388 
L 180.881307 208.911052 
z
" clip-path="url(#p812657c605)" style="fill: #ff7f0e; opacity: 0.15; stroke: #ff7f0e; stroke-linejoin: miter"/>
   </g>
   <g id="matplotlib.axis_1">
    <g id="xtick_1">
     <g id="line2d_1">
      <path d="M 260.248033 234.698865 
L 260.248033 73.644547 
" clip-path="url(#p812657c605)" style="fill: none; stroke: #d3d3d3; stroke-opacity: 0.7; stroke-width: 1.5; stroke-linecap: square"/>
     </g>
     <g id="text_1">
      <text style="font-weight: 700; font-size: 21px; font-family: 'Arial'; fill: #333333" transform="translate(202.502955 22.487344)">Ontological</text>
      <text style="font-weight: 700; font-size: 21px; font-family: 'Arial'; fill: #333333" transform="translate(206.004049 44.944875)">Distinction</text>
     </g>
    </g>
    <g id="xtick_2">
     <g id="line2d_2">
      <path d="M 260.248033 234.698865 
L 413.419791 184.930343 
" clip-path="url(#p812657c605)" style="fill: none; stroke: #d3d3d3; stroke-opacity: 0.7; stroke-width: 1.5; stroke-linecap: square"/>
     </g>
     <g id="text_2">
      <text style="font-weight: 700; font-size: 21px; font-family: 'Arial'; fill: #333333" transform="translate(426.948332 165.222711)">Depth</text>
      <text style="font-weight: 700; font-size: 21px; font-family: 'Arial'; fill: #333333" transform="translate(402.432472 187.404617)">Perception</text>
     </g>
    </g>
    <g id="xtick_3">
     <g id="line2d_3">
      <path d="M 260.248033 234.698865 
L 354.913386 364.994545 
" clip-path="url(#p812657c605)" style="fill: none; stroke: #d3d3d3; stroke-opacity: 0.7; stroke-width: 1.5; stroke-linecap: square"/>
     </g>
     <g id="text_3">
      <text style="font-weight: 700; font-size: 21px; font-family: 'Arial'; fill: #333333" transform="translate(331.462693 396.019646)">Recursive</text>
      <text style="font-weight: 700; font-size: 21px; font-family: 'Arial'; fill: #333333" transform="translate(337.918552 418.201552)">Thinking</text>
     </g>
    </g>
    <g id="xtick_4">
     <g id="line2d_4">
      <path d="M 260.248033 234.698865 
L 165.58268 364.994545 
" clip-path="url(#p812657c605)" style="fill: none; stroke: #d3d3d3; stroke-opacity: 0.7; stroke-width: 1.5; stroke-linecap: square"/>
     </g>
     <g id="text_4">
      <text style="font-weight: 700; font-size: 21px; font-family: 'Arial'; fill: #333333" transform="translate(107.909389 396.019646)">Social</text>
      <text style="font-weight: 700; font-size: 21px; font-family: 'Arial'; fill: #333333" transform="translate(92.758217 418.201552)">Mirroring</text>
     </g>
    </g>
    <g id="xtick_5">
     <g id="line2d_5">
      <path d="M 260.248033 234.698865 
L 107.076275 184.930343 
" clip-path="url(#p812657c605)" style="fill: none; stroke: #d3d3d3; stroke-opacity: 0.7; stroke-width: 1.5; stroke-linecap: square"/>
     </g>
     <g id="text_5">
      <text style="font-weight: 700; font-size: 21px; font-family: 'Arial'; fill: #333333" transform="translate(26.472422 153.856133)">Identity</text>
      <text style="font-weight: 700; font-size: 21px; font-family: 'Arial'; fill: #333333" transform="translate(56.220234 176.313664)">&amp;</text>
      <text style="font-weight: 700; font-size: 21px; font-family: 'Arial'; fill: #333333" transform="translate(7.2 198.49557)">Personality</text>
     </g>
    </g>
   </g>
   <g id="matplotlib.axis_2">
    <g id="ytick_1">
     <g id="line2d_6">
      <path d="M 260.248033 181.014092 
C 267.297853 181.014092 274.279122 182.402753 280.792306 185.100602 
C 287.30549 187.798451 293.223924 191.753023 298.2089 196.737998 
C 303.193875 201.722973 307.148446 207.641407 309.846296 214.154592 
C 312.544145 220.667776 313.932806 227.649045 313.932806 234.698865 
C 313.932806 241.748684 312.544145 248.729953 309.846296 255.243138 
C 307.148446 261.756322 303.193875 267.674756 298.2089 272.659731 
C 293.223924 277.644707 287.30549 281.599278 280.792306 284.297127 
C 274.279122 286.994976 267.297853 288.383637 260.248033 288.383637 
C 253.198213 288.383637 246.216944 286.994976 239.70376 284.297127 
C 233.190576 281.599278 227.272142 277.644707 222.287166 272.659731 
C 217.302191 267.674756 213.34762 261.756322 210.64977 255.243138 
C 207.951921 248.729953 206.56326 241.748684 206.56326 234.698865 
C 206.56326 227.649045 207.951921 220.667776 210.64977 214.154592 
C 213.34762 207.641407 217.302191 201.722973 222.287166 196.737998 
C 227.272142 191.753023 233.190576 187.798451 239.70376 185.100602 
C 246.216944 182.402753 253.198213 181.014092 260.248033 181.014092 
" clip-path="url(#p812657c605)" style="fill: none; stroke: #d3d3d3; stroke-opacity: 0.7; stroke-width: 1.5; stroke-linecap: square"/>
     </g>
     <g id="text_6">
      <text style="font-weight: 700; font-size: 19px; font-family: 'Arial'; text-anchor: start; fill: #404040" x="260.248033" y="177.264561" transform="rotate(-0 260.248033 177.264561)">0.05</text>
     </g>
    </g>
    <g id="ytick_2">
     <g id="line2d_7">
      <path d="M 260.248033 127.329319 
C 274.347672 127.329319 288.310211 130.106641 301.336579 135.502339 
C 314.362947 140.898038 326.199816 148.80718 336.169766 158.777131 
C 346.139717 168.747082 354.04886 180.58395 359.444558 193.610319 
C 364.840257 206.636687 367.617578 220.599225 367.617578 234.698865 
C 367.617578 248.798504 364.840257 262.761042 359.444558 275.787411 
C 354.04886 288.813779 346.139717 300.650647 336.169766 310.620598 
C 326.199816 320.590549 314.362947 328.499691 301.336579 333.89539 
C 288.310211 339.291088 274.347672 342.06841 260.248033 342.06841 
C 246.148393 342.06841 232.185855 339.291088 219.159487 333.89539 
C 206.133119 328.499691 194.29625 320.590549 184.326299 310.620598 
C 174.356349 300.650647 166.447206 288.813779 161.051508 275.787411 
C 155.655809 262.761042 152.878488 248.798504 152.878488 234.698865 
C 152.878488 220.599225 155.655809 206.636687 161.051508 193.610319 
C 166.447206 180.58395 174.356349 168.747082 184.326299 158.777131 
C 194.29625 148.80718 206.133119 140.898038 219.159487 135.502339 
C 232.185855 130.106641 246.148393 127.329319 260.248033 127.329319 
" clip-path="url(#p812657c605)" style="fill: none; stroke: #d3d3d3; stroke-opacity: 0.7; stroke-width: 1.5; stroke-linecap: square"/>
     </g>
     <g id="text_7">
      <text style="font-weight: 700; font-size: 19px; font-family: 'Arial'; text-anchor: start; fill: #404040" x="260.248033" y="123.579788" transform="rotate(-0 260.248033 123.579788)">0.1</text>
     </g>
    </g>
    <g id="ytick_3">
     <g id="line2d_8">
      <path d="M 260.248033 73.644547 
C 281.397492 73.644547 302.3413 77.810529 321.880852 85.904077 
C 341.420405 93.997624 359.175707 105.861338 374.130633 120.816264 
C 389.085559 135.77119 400.949273 153.526493 409.042821 173.066045 
C 417.136368 192.605598 421.302351 213.549405 421.302351 234.698865 
C 421.302351 255.848324 417.136368 276.792131 409.042821 296.331684 
C 400.949273 315.871236 389.085559 333.626539 374.130633 348.581465 
C 359.175707 363.536391 341.420405 375.400105 321.880852 383.493652 
C 302.3413 391.5872 281.397492 395.753182 260.248033 395.753182 
C 239.098574 395.753182 218.154766 391.5872 198.615214 383.493652 
C 179.075661 375.400105 161.320359 363.536391 146.365433 348.581465 
C 131.410507 333.626539 119.546793 315.871236 111.453245 296.331684 
C 103.359698 276.792131 99.193715 255.848324 99.193715 234.698865 
C 99.193715 213.549405 103.359698 192.605598 111.453245 173.066045 
C 119.546793 153.526493 131.410507 135.77119 146.365433 120.816264 
C 161.320359 105.861338 179.075661 93.997624 198.615214 85.904077 
C 218.154766 77.810529 239.098574 73.644547 260.248033 73.644547 
" clip-path="url(#p812657c605)" style="fill: none; stroke: #d3d3d3; stroke-opacity: 0.7; stroke-width: 1.5; stroke-linecap: square"/>
     </g>
     <g id="text_8">
      <text style="font-weight: 700; font-size: 19px; font-family: 'Arial'; text-anchor: start; fill: #404040" x="260.248033" y="69.895016" transform="rotate(-0 260.248033 69.895016)">0.15</text>
     </g>
    </g>
   </g>
   <g id="line2d_9">
    <path d="M 260.248033 197.33366 
L 294.543767 223.555505 
L 305.992251 297.660379 
L 224.648719 283.697117 
L 192.236835 212.600687 
L 260.248033 197.33366 
" clip-path="url(#p812657c605)" style="fill: none; stroke: #1f77b4; stroke-width: 4; stroke-linecap: square"/>
   </g>
   <g id="line2d_10">
    <path d="M 260.248033 140.043397 
L 332.494297 211.22463 
L 329.108562 329.477252 
L 199.829103 317.858388 
L 180.881307 208.911052 
L 260.248033 140.043397 
" clip-path="url(#p812657c605)" style="fill: none; stroke-dasharray: 14.8,6.4; stroke-dashoffset: 0; stroke: #ff7f0e; stroke-width: 4"/>
   </g>
   <g id="patch_5">
    <path d="M 260.248033 73.644547 
C 239.098574 73.644547 218.154766 77.810529 198.615214 85.904077 
C 179.075661 93.997624 161.320359 105.861338 146.365433 120.816264 
C 131.410507 135.77119 119.546793 153.526493 111.453245 173.066045 
C 103.359698 192.605598 99.193715 213.549405 99.193715 234.698865 
C 99.193715 255.848324 103.359698 276.792131 111.453245 296.331684 
C 119.546793 315.871236 131.410507 333.626539 146.365433 348.581465 
C 161.320359 363.536391 179.075661 375.400105 198.615214 383.493652 
C 218.154766 391.5872 239.098574 395.753182 260.248033 395.753182 
C 281.397492 395.753182 302.3413 391.5872 321.880852 383.493652 
C 341.420405 375.400105 359.175707 363.536391 374.130633 348.581465 
C 389.085559 333.626539 400.949273 315.871236 409.042821 296.331684 
C 417.136368 276.792131 421.302351 255.848324 421.302351 234.698865 
C 421.302351 213.549405 417.136368 192.605598 409.042821 173.066045 
C 400.949273 153.526493 389.085559 135.77119 374.130633 120.816264 
C 359.175707 105.861338 341.420405 93.997624 321.880852 85.904077 
C 302.3413 77.810529 281.397492 73.644547 260.248033 73.644547 
" style="fill: none; stroke: #000000; stroke-width: 1.5; stroke-linejoin: miter; stroke-linecap: square"/>
   </g>
   <g id="legend_1">
    <g id="patch_6">
     <path d="M 351.838186 118.136064 
L 521.440373 118.136064 
Q 525.040373 118.136064 525.040373 114.536064 
L 525.040373 37.928252 
Q 525.040373 34.328252 521.440373 34.328252 
L 351.838186 34.328252 
Q 348.238186 34.328252 348.238186 37.928252 
L 348.238186 114.536064 
Q 348.238186 118.136064 351.838186 118.136064 
z
" style="fill: #ffffff; stroke: #000000; stroke-width: 1.5; stroke-linejoin: miter"/>
    </g>
    <g id="text_9">
     <text style="font-weight: 700; font-size: 20px; font-family: 'Arial'; text-anchor: start" x="402.193967" y="55.843877" transform="rotate(-0 402.193967 55.843877)">Models</text>
    </g>
    <g id="line2d_11">
     <path d="M 355.438186 75.594189 
L 373.438186 75.594189 
L 391.438186 75.594189 
" style="fill: none; stroke: #1f77b4; stroke-width: 4; stroke-linecap: square"/>
    </g>
    <g id="text_10">
     <text style="font-weight: 700; font-size: 18px; font-family: 'Arial'; text-anchor: start" x="405.838186" y="81.894189" transform="rotate(-0 405.838186 81.894189)">Gemini-3-pro</text>
    </g>
    <g id="line2d_12">
     <path d="M 355.438186 101.083877 
L 373.438186 101.083877 
L 391.438186 101.083877 
" style="fill: none; stroke-dasharray: 14.8,6.4; stroke-dashoffset: 0; stroke: #ff7f0e; stroke-width: 4"/>
    </g>
    <g id="text_11">
     <text style="font-weight: 700; font-size: 18px; font-family: 'Arial'; text-anchor: start" x="405.838186" y="107.383877" transform="rotate(-0 405.838186 107.383877)">Deepseek-r1</text>
    </g>
   </g>
  </g>
 </g>
 <defs>
  <clipPath id="p812657c605">
   <path d="M 421.302351 234.698865 
C 421.302351 213.549405 417.136368 192.605598 409.042821 173.066045 
C 400.949273 153.526493 389.085559 135.77119 374.130633 120.816264 
C 359.175707 105.861338 341.420405 93.997624 321.880852 85.904077 
C 302.3413 77.810529 281.397492 73.644547 260.248033 73.644547 
C 239.098574 73.644547 218.154766 77.810529 198.615214 85.904077 
C 179.075661 93.997624 161.320359 105.861338 146.365433 120.816264 
C 131.410507 135.77119 119.546793 153.526493 111.453245 173.066045 
C 103.359698 192.605598 99.193715 213.549405 99.193715 234.698865 
C 99.193715 255.848324 103.359698 276.792131 111.453245 296.331684 
C 119.546793 315.871236 131.410507 333.626539 146.365433 348.581465 
C 161.320359 363.536391 179.075661 375.400105 198.615214 383.493652 
C 218.154766 391.5872 239.098574 395.753182 260.248033 395.753182 
C 281.397492 395.753182 302.3413 391.5872 321.880852 383.493652 
C 341.420405 375.400105 359.175707 363.536391 374.130633 348.581465 
C 389.085559 333.626539 400.949273 315.871236 409.042821 296.331684 
C 417.136368 276.792131 421.302351 255.848324 421.302351 234.698865 
M 260.248033 234.698865 
C 260.248033 234.698865 260.248033 234.698865 260.248033 234.698865 
C 260.248033 234.698865 260.248033 234.698865 260.248033 234.698865 
C 260.248033 234.698865 260.248033 234.698865 260.248033 234.698865 
C 260.248033 234.698865 260.248033 234.698865 260.248033 234.698865 
C 260.248033 234.698865 260.248033 234.698865 260.248033 234.698865 
C 260.248033 234.698865 260.248033 234.698865 260.248033 234.698865 
C 260.248033 234.698865 260.248033 234.698865 260.248033 234.698865 
C 260.248033 234.698865 260.248033 234.698865 260.248033 234.698865 
C 260.248033 234.698865 260.248033 234.698865 260.248033 234.698865 
C 260.248033 234.698865 260.248033 234.698865 260.248033 234.698865 
C 260.248033 234.698865 260.248033 234.698865 260.248033 234.698865 
C 260.248033 234.698865 260.248033 234.698865 260.248033 234.698865 
C 260.248033 234.698865 260.248033 234.698865 260.248033 234.698865 
C 260.248033 234.698865 260.248033 234.698865 260.248033 234.698865 
C 260.248033 234.698865 260.248033 234.698865 260.248033 234.698865 
C 260.248033 234.698865 260.248033 234.698865 260.248033 234.698865 
z
"/>
  </clipPath>
 </defs>
</svg>
