<?xml version="1.0" encoding="utf-8" standalone="no"?>
<!DOCTYPE svg PUBLIC "-//W3C//DTD SVG 1.1//EN"
  "http://www.w3.org/Graphics/SVG/1.1/DTD/svg11.dtd">
<svg xmlns:xlink="http://www.w3.org/1999/xlink" width="686.916797pt" height="553.086113pt" viewBox="0 0 686.916797 553.086113" xmlns="http://www.w3.org/2000/svg" version="1.1">
 <metadata>
  <rdf:RDF xmlns:dc="http://purl.org/dc/elements/1.1/" xmlns:cc="http://creativecommons.org/ns#" xmlns:rdf="http://www.w3.org/1999/02/22-rdf-syntax-ns#">
   <cc:Work>
    <dc:type rdf:resource="http://purl.org/dc/dcmitype/StillImage"/>
    <dc:date>2026-01-07T17:37:47.910464</dc:date>
    <dc:format>image/svg+xml</dc:format>
    <dc:creator>
     <cc:Agent>
      <dc:title>Matplotlib v3.10.0, https://matplotlib.org/</dc:title>
     </cc:Agent>
    </dc:creator>
   </cc:Work>
  </rdf:RDF>
 </metadata>
 <defs>
  <style type="text/css">*{stroke-linejoin: round; stroke-linecap: butt}</style>
 </defs>
 <g id="figure_1">
  <g id="patch_1">
   <path d="M 0 553.086113 
L 686.916797 553.086113 
L 686.916797 0 
L 0 0 
z
" style="fill: #ffffff"/>
  </g>
  <g id="axes_1">
   <g id="patch_2">
    <path d="M 556.998626 302.328297 
C 556.998626 272.952682 551.21227 243.862708 539.970709 216.723179 
C 528.729148 189.58365 512.251001 164.922361 491.479305 144.150664 
C 470.707609 123.378968 446.04632 106.900821 418.90679 95.65926 
C 391.767261 84.417699 362.677287 78.631344 333.301673 78.631344 
C 303.926058 78.631344 274.836084 84.417699 247.696555 95.65926 
C 220.557026 106.900821 195.895737 123.378968 175.12404 144.150664 
C 154.352344 164.922361 137.874197 189.58365 126.632636 216.723179 
C 115.391075 243.862708 109.60472 272.952682 109.60472 302.328297 
C 109.60472 331.703911 115.391075 360.793885 126.632636 387.933414 
C 137.874197 415.072944 154.352344 439.734233 175.12404 460.505929 
C 195.895737 481.277625 220.557026 497.755772 247.696555 508.997333 
C 274.836084 520.238894 303.926058 526.02525 333.301673 526.02525 
C 362.677287 526.02525 391.767261 520.238894 418.90679 508.997333 
C 446.04632 497.755772 470.707609 481.277625 491.479305 460.505929 
C 512.251001 439.734233 528.729148 415.072944 539.970709 387.933414 
C 551.21227 360.793885 556.998626 331.703911 556.998626 302.328297 
M 333.301673 302.328297 
C 333.301673 302.328297 333.301673 302.328297 333.301673 302.328297 
C 333.301673 302.328297 333.301673 302.328297 333.301673 302.328297 
C 333.301673 302.328297 333.301673 302.328297 333.301673 302.328297 
C 333.301673 302.328297 333.301673 302.328297 333.301673 302.328297 
C 333.301673 302.328297 333.301673 302.328297 333.301673 302.328297 
C 333.301673 302.328297 333.301673 302.328297 333.301673 302.328297 
C 333.301673 302.328297 333.301673 302.328297 333.301673 302.328297 
C 333.301673 302.328297 333.301673 302.328297 333.301673 302.328297 
C 333.301673 302.328297 333.301673 302.328297 333.301673 302.328297 
C 333.301673 302.328297 333.301673 302.328297 333.301673 302.328297 
C 333.301673 302.328297 333.301673 302.328297 333.301673 302.328297 
C 333.301673 302.328297 333.301673 302.328297 333.301673 302.328297 
C 333.301673 302.328297 333.301673 302.328297 333.301673 302.328297 
C 333.301673 302.328297 333.301673 302.328297 333.301673 302.328297 
C 333.301673 302.328297 333.301673 302.328297 333.301673 302.328297 
C 333.301673 302.328297 333.301673 302.328297 333.301673 302.328297 
z
" style="fill: #ffffff"/>
   </g>
   <g id="patch_3">
    <path d="M 333.301673 274.07698 
L 356.751756 294.708903 
L 355.123386 332.363309 
L 323.689107 315.558858 
L 319.400573 297.811556 
z
" clip-path="url(#pcfcb5e67c0)" style="fill: #1f77b4; opacity: 0.1; stroke: #1f77b4; stroke-linejoin: miter"/>
   </g>
   <g id="patch_4">
    <path d="M 333.301673 179.096688 
L 452.108889 263.725492 
L 423.559889 426.558074 
L 261.221226 401.53852 
L 178.392184 251.995153 
z
" clip-path="url(#pcfcb5e67c0)" style="fill: #ff7f0e; opacity: 0.2; stroke: #ff7f0e; stroke-linejoin: miter"/>
   </g>
   <g id="matplotlib.axis_1">
    <g id="xtick_1">
     <g id="line2d_1">
      <path d="M 333.301673 302.328297 
L 333.301673 78.631344 
" clip-path="url(#pcfcb5e67c0)" style="fill: none; stroke: #d9d9d9; stroke-width: 1.2; stroke-linecap: square"/>
     </g>
     <g id="text_1">
      <text style="font-weight: 700; font-size: 26px; font-family: 'Arial'" transform="translate(261.807766 26.127187)">Ontological</text>
      <text style="font-weight: 700; font-size: 26px; font-family: 'Arial'" transform="translate(266.142454 53.93175)">Distinction</text>
     </g>
    </g>
    <g id="xtick_2">
     <g id="line2d_2">
      <path d="M 333.301673 302.328297 
L 546.050117 233.202137 
" clip-path="url(#pcfcb5e67c0)" style="fill: none; stroke: #d9d9d9; stroke-width: 1.2; stroke-linecap: square"/>
     </g>
     <g id="text_2">
      <text style="font-weight: 700; font-size: 26px; font-family: 'Arial'" transform="translate(552.496626 212.149895)">Depth</text>
      <text style="font-weight: 700; font-size: 26px; font-family: 'Arial'" transform="translate(522.143658 239.613207)">Perception</text>
     </g>
    </g>
    <g id="xtick_3">
     <g id="line2d_3">
      <path d="M 333.301673 302.328297 
L 464.787442 483.302933 
" clip-path="url(#pcfcb5e67c0)" style="fill: none; stroke: #d9d9d9; stroke-width: 1.2; stroke-linecap: square"/>
     </g>
     <g id="text_3">
      <text style="font-weight: 700; font-size: 26px; font-family: 'Arial'" transform="translate(429.385578 512.950613)">Recursive</text>
      <text style="font-weight: 700; font-size: 26px; font-family: 'Arial'" transform="translate(437.378546 540.413925)">Thinking</text>
     </g>
    </g>
    <g id="xtick_4">
     <g id="line2d_4">
      <path d="M 333.301673 302.328297 
L 201.815903 483.302933 
" clip-path="url(#pcfcb5e67c0)" style="fill: none; stroke: #d9d9d9; stroke-width: 1.2; stroke-linecap: square"/>
     </g>
     <g id="text_4">
      <text style="font-weight: 700; font-size: 26px; font-family: 'Arial'" transform="translate(136.778549 512.950613)">Social</text>
      <text style="font-weight: 700; font-size: 26px; font-family: 'Arial'" transform="translate(118.019955 540.413925)">Mirroring</text>
     </g>
    </g>
    <g id="xtick_5">
     <g id="line2d_5">
      <path d="M 333.301673 302.328297 
L 120.553228 233.202137 
" clip-path="url(#pcfcb5e67c0)" style="fill: none; stroke: #d9d9d9; stroke-width: 1.2; stroke-linecap: square"/>
     </g>
     <g id="text_5">
      <text style="font-weight: 700; font-size: 26px; font-family: 'Arial'" transform="translate(31.061094 198.076988)">Identity</text>
      <text style="font-weight: 700; font-size: 26px; font-family: 'Arial'" transform="translate(67.891719 225.881551)">&amp;</text>
      <text style="font-weight: 700; font-size: 26px; font-family: 'Arial'" transform="translate(7.2 253.344863)">Personality</text>
     </g>
    </g>
   </g>
   <g id="matplotlib.axis_2">
    <g id="ytick_1">
     <g id="line2d_6">
      <path d="M 333.301673 227.762646 
C 343.093544 227.762646 352.790202 229.691431 361.836712 233.438618 
C 370.883222 237.185805 379.103651 242.67852 386.02755 249.602419 
C 392.951449 256.526318 398.444164 264.746748 402.191351 273.793257 
C 405.938538 282.839767 407.867324 292.536425 407.867324 302.328297 
C 407.867324 312.120168 405.938538 321.816826 402.191351 330.863336 
C 398.444164 339.909846 392.951449 348.130275 386.02755 355.054174 
C 379.103651 361.978073 370.883222 367.470788 361.836712 371.217975 
C 352.790202 374.965163 343.093544 376.893948 333.301673 376.893948 
C 323.509801 376.893948 313.813143 374.965163 304.766633 371.217975 
C 295.720124 367.470788 287.499694 361.978073 280.575795 355.054174 
C 273.651896 348.130275 268.159181 339.909846 264.411994 330.863336 
C 260.664807 321.816826 258.736022 312.120168 258.736022 302.328297 
C 258.736022 292.536425 260.664807 282.839767 264.411994 273.793257 
C 268.159181 264.746748 273.651896 256.526318 280.575795 249.602419 
C 287.499694 242.67852 295.720124 237.185805 304.766633 233.438618 
C 313.813143 229.691431 323.509801 227.762646 333.301673 227.762646 
" clip-path="url(#pcfcb5e67c0)" style="fill: none; stroke: #d9d9d9; stroke-width: 1.2; stroke-linecap: square"/>
     </g>
     <g id="text_6">
      <text style="font-weight: 700; font-size: 24px; font-family: 'Arial'; text-anchor: start" x="333.301673" y="223.026396" transform="rotate(-0 333.301673 223.026396)">0.2</text>
     </g>
    </g>
    <g id="ytick_2">
     <g id="line2d_7">
      <path d="M 333.301673 153.196995 
C 352.885416 153.196995 372.278732 157.054565 390.371751 164.548939 
C 408.464771 172.043313 424.90563 183.028744 438.753427 196.876542 
C 452.601225 210.724339 463.586656 227.165199 471.08103 245.258218 
C 478.575404 263.351238 482.432975 282.744554 482.432975 302.328297 
C 482.432975 321.91204 478.575404 341.305356 471.08103 359.398375 
C 463.586656 377.491395 452.601225 393.932254 438.753427 407.780052 
C 424.90563 421.627849 408.464771 432.61328 390.371751 440.107654 
C 372.278732 447.602028 352.885416 451.459599 333.301673 451.459599 
C 313.717929 451.459599 294.324613 447.602028 276.231594 440.107654 
C 258.138575 432.61328 241.697715 421.627849 227.849918 407.780052 
C 214.00212 393.932254 203.016689 377.491395 195.522315 359.398375 
C 188.027941 341.305356 184.170371 321.91204 184.170371 302.328297 
C 184.170371 282.744554 188.027941 263.351238 195.522315 245.258218 
C 203.016689 227.165199 214.00212 210.724339 227.849918 196.876542 
C 241.697715 183.028744 258.138575 172.043313 276.231594 164.548939 
C 294.324613 157.054565 313.717929 153.196995 333.301673 153.196995 
" clip-path="url(#pcfcb5e67c0)" style="fill: none; stroke: #d9d9d9; stroke-width: 1.2; stroke-linecap: square"/>
     </g>
     <g id="text_7">
      <text style="font-weight: 700; font-size: 24px; font-family: 'Arial'; text-anchor: start" x="333.301673" y="148.460745" transform="rotate(-0 333.301673 148.460745)">0.4</text>
     </g>
    </g>
    <g id="ytick_3">
     <g id="line2d_8">
      <path d="M 333.301673 78.631344 
C 362.677287 78.631344 391.767261 84.417699 418.90679 95.65926 
C 446.04632 106.900821 470.707609 123.378968 491.479305 144.150664 
C 512.251001 164.922361 528.729148 189.58365 539.970709 216.723179 
C 551.21227 243.862708 556.998626 272.952682 556.998626 302.328297 
C 556.998626 331.703911 551.21227 360.793885 539.970709 387.933414 
C 528.729148 415.072944 512.251001 439.734233 491.479305 460.505929 
C 470.707609 481.277625 446.04632 497.755772 418.90679 508.997333 
C 391.767261 520.238894 362.677287 526.02525 333.301673 526.02525 
C 303.926058 526.02525 274.836084 520.238894 247.696555 508.997333 
C 220.557026 497.755772 195.895737 481.277625 175.12404 460.505929 
C 154.352344 439.734233 137.874197 415.072944 126.632636 387.933414 
C 115.391075 360.793885 109.60472 331.703911 109.60472 302.328297 
C 109.60472 272.952682 115.391075 243.862708 126.632636 216.723179 
C 137.874197 189.58365 154.352344 164.922361 175.12404 144.150664 
C 195.895737 123.378968 220.557026 106.900821 247.696555 95.65926 
C 274.836084 84.417699 303.926058 78.631344 333.301673 78.631344 
" clip-path="url(#pcfcb5e67c0)" style="fill: none; stroke: #d9d9d9; stroke-width: 1.2; stroke-linecap: square"/>
     </g>
     <g id="text_8">
      <text style="font-weight: 700; font-size: 24px; font-family: 'Arial'; text-anchor: start" x="333.301673" y="73.895094" transform="rotate(-0 333.301673 73.895094)">0.6</text>
     </g>
    </g>
   </g>
   <g id="patch_5">
    <path d="M 333.301673 78.631344 
C 303.926058 78.631344 274.836084 84.417699 247.696555 95.65926 
C 220.557026 106.900821 195.895737 123.378968 175.12404 144.150664 
C 154.352344 164.922361 137.874197 189.58365 126.632636 216.723179 
C 115.391075 243.862708 109.60472 272.952682 109.60472 302.328297 
C 109.60472 331.703911 115.391075 360.793885 126.632636 387.933414 
C 137.874197 415.072944 154.352344 439.734233 175.12404 460.505929 
C 195.895737 481.277625 220.557026 497.755772 247.696555 508.997333 
C 274.836084 520.238894 303.926058 526.02525 333.301673 526.02525 
C 362.677287 526.02525 391.767261 520.238894 418.90679 508.997333 
C 446.04632 497.755772 470.707609 481.277625 491.479305 460.505929 
C 512.251001 439.734233 528.729148 415.072944 539.970709 387.933414 
C 551.21227 360.793885 556.998626 331.703911 556.998626 302.328297 
C 556.998626 272.952682 551.21227 243.862708 539.970709 216.723179 
C 528.729148 189.58365 512.251001 164.922361 491.479305 144.150664 
C 470.707609 123.378968 446.04632 106.900821 418.90679 95.65926 
C 391.767261 84.417699 362.677287 78.631344 333.301673 78.631344 
" style="fill: none; stroke: #000000; stroke-width: 2.5; stroke-linejoin: miter; stroke-linecap: square"/>
   </g>
   <g id="line2d_9">
    <path d="M 333.301673 274.07698 
L 356.751756 294.708903 
L 355.123386 332.363309 
L 323.689107 315.558858 
L 319.400573 297.811556 
L 333.301673 274.07698 
" clip-path="url(#pcfcb5e67c0)" style="fill: none; stroke: #1f77b4; stroke-width: 4; stroke-linecap: square"/>
   </g>
   <g id="line2d_10">
    <path d="M 333.301673 179.096688 
L 452.108889 263.725492 
L 423.559889 426.558074 
L 261.221226 401.53852 
L 178.392184 251.995153 
L 333.301673 179.096688 
" clip-path="url(#pcfcb5e67c0)" style="fill: none; stroke-dasharray: 18.5,8; stroke-dashoffset: 0; stroke: #ff7f0e; stroke-width: 5"/>
   </g>
   <g id="legend_1">
    <g id="patch_6">
     <path d="M 411.166641 145.231953 
L 675.116797 145.231953 
Q 679.716797 145.231953 679.716797 140.631953 
L 679.716797 49.991953 
Q 679.716797 45.391953 675.116797 45.391953 
L 411.166641 45.391953 
Q 406.566641 45.391953 406.566641 49.991953 
L 406.566641 140.631953 
Q 406.566641 145.231953 411.166641 145.231953 
z
" style="fill: #ffffff; stroke: #000000; stroke-width: 1.5; stroke-linejoin: miter"/>
    </g>
    <g id="text_9">
     <text style="font-weight: 700; font-size: 18px; font-family: 'Arial'; text-anchor: start" x="512.140938" y="67.476016" transform="rotate(-0 512.140938 67.476016)">Models</text>
    </g>
    <g id="line2d_11">
     <path d="M 415.766641 90.941172 
L 438.766641 90.941172 
L 461.766641 90.941172 
" style="fill: none; stroke: #1f77b4; stroke-width: 4; stroke-linecap: square"/>
    </g>
    <g id="text_10">
     <text style="font-weight: 700; font-size: 23px; font-family: 'Arial'; text-anchor: start" x="480.166641" y="98.991172" transform="rotate(-0 480.166641 98.991172)">Base Model</text>
    </g>
    <g id="line2d_12">
     <path d="M 415.766641 123.443047 
L 438.766641 123.443047 
L 461.766641 123.443047 
" style="fill: none; stroke-dasharray: 18.5,8; stroke-dashoffset: 0; stroke: #ff7f0e; stroke-width: 5"/>
    </g>
    <g id="text_11">
     <text style="font-weight: 700; font-size: 23px; font-family: 'Arial'; text-anchor: start" x="480.166641" y="131.493047" transform="rotate(-0 480.166641 131.493047)">Fine-tuned Model</text>
    </g>
   </g>
  </g>
 </g>
 <defs>
  <clipPath id="pcfcb5e67c0">
   <path d="M 556.998626 302.328297 
C 556.998626 272.952682 551.21227 243.862708 539.970709 216.723179 
C 528.729148 189.58365 512.251001 164.922361 491.479305 144.150664 
C 470.707609 123.378968 446.04632 106.900821 418.90679 95.65926 
C 391.767261 84.417699 362.677287 78.631344 333.301673 78.631344 
C 303.926058 78.631344 274.836084 84.417699 247.696555 95.65926 
C 220.557026 106.900821 195.895737 123.378968 175.12404 144.150664 
C 154.352344 164.922361 137.874197 189.58365 126.632636 216.723179 
C 115.391075 243.862708 109.60472 272.952682 109.60472 302.328297 
C 109.60472 331.703911 115.391075 360.793885 126.632636 387.933414 
C 137.874197 415.072944 154.352344 439.734233 175.12404 460.505929 
C 195.895737 481.277625 220.557026 497.755772 247.696555 508.997333 
C 274.836084 520.238894 303.926058 526.02525 333.301673 526.02525 
C 362.677287 526.02525 391.767261 520.238894 418.90679 508.997333 
C 446.04632 497.755772 470.707609 481.277625 491.479305 460.505929 
C 512.251001 439.734233 528.729148 415.072944 539.970709 387.933414 
C 551.21227 360.793885 556.998626 331.703911 556.998626 302.328297 
M 333.301673 302.328297 
C 333.301673 302.328297 333.301673 302.328297 333.301673 302.328297 
C 333.301673 302.328297 333.301673 302.328297 333.301673 302.328297 
C 333.301673 302.328297 333.301673 302.328297 333.301673 302.328297 
C 333.301673 302.328297 333.301673 302.328297 333.301673 302.328297 
C 333.301673 302.328297 333.301673 302.328297 333.301673 302.328297 
C 333.301673 302.328297 333.301673 302.328297 333.301673 302.328297 
C 333.301673 302.328297 333.301673 302.328297 333.301673 302.328297 
C 333.301673 302.328297 333.301673 302.328297 333.301673 302.328297 
C 333.301673 302.328297 333.301673 302.328297 333.301673 302.328297 
C 333.301673 302.328297 333.301673 302.328297 333.301673 302.328297 
C 333.301673 302.328297 333.301673 302.328297 333.301673 302.328297 
C 333.301673 302.328297 333.301673 302.328297 333.301673 302.328297 
C 333.301673 302.328297 333.301673 302.328297 333.301673 302.328297 
C 333.301673 302.328297 333.301673 302.328297 333.301673 302.328297 
C 333.301673 302.328297 333.301673 302.328297 333.301673 302.328297 
C 333.301673 302.328297 333.301673 302.328297 333.301673 302.328297 
z
"/>
  </clipPath>
 </defs>
</svg>
